m <- c(
	4, 
	9
)

g <- c(
	15
	, 60
)

g <- g/100
