g <- c(0.01, 0.5)
m <- c(80, 80)
